mousezoom key: 3
-2.100000, 1.050000, -1.365000, 1.365000, 0.005259, 0.006080
mandelbrot
mousezoom key: 3
-2.205000, 1.102500, -1.433250, 1.433250, 0.005522, 0.006384
mandelbrot
mousezoom key: 3
-2.315250, 1.157625, -1.504912, 1.504912, 0.005798, 0.006703
mandelbrot
mousezoom key: 3
-2.431012, 1.215506, -1.580158, 1.580158, 0.006088, 0.007039



3
-2.100000, 1.050000, -1.365000, 1.365000, 0.005259, 0.006080
mandel
3
-2.205000, 1.102500, -1.433250, 1.433250, 0.005522, 0.006384
mandel
3
-2.315250, 1.157625, -1.504912, 1.504912, 0.005798, 0.006703
mandel
3
-2.431012, 1.215506, -1.580158, 1.580158, 0.006088, 0.007039
